m-3m:
  NumberOfSymmetryElements: 24
  latticeType: cubic
  EulerLimits: [360,90,90]
  SymmetryElements: [
                       [ 
                          [1.0000000000, 0.0000000000, 0.0000000000],
                          [0.0000000000, 1.0000000000, 0.0000000000],
                          [0.0000000000, 0.0000000000, 1.0000000000]
                       ], 
                       [ 
                          [0.0000000000, -1.0000000000, 0.0000000000],
                          [1.0000000000, 0.0000000000, 0.0000000000],
                          [0.0000000000, 0.0000000000, 1.0000000000]
                       ], 
                       [ 
                          [-1.0000000000, -0.0000000000, 0.0000000000],
                          [0.0000000000, -1.0000000000, 0.0000000000],
                          [0.0000000000, 0.0000000000, 1.0000000000]
                       ], 
                       [ 
                          [-0.0000000000, 1.0000000000, 0.0000000000],
                          [-1.0000000000, -0.0000000000, 0.0000000000],
                          [0.0000000000, 0.0000000000, 1.0000000000]
                       ], 
                       [ 
                          [0.0000000000, 1.0000000000, 0.0000000000],
                          [1.0000000000, 0.0000000000, -0.0000000000],
                          [-0.0000000000, 0.0000000000, -1.0000000000]
                       ], 
                       [ 
                          [1.0000000000, 0.0000000000, 0.0000000000],
                          [0.0000000000, -1.0000000000, -0.0000000000],
                          [0.0000000000, 0.0000000000, -1.0000000000]
                       ], 
                       [ 
                          [0.0000000000, -1.0000000000, 0.0000000000],
                          [-1.0000000000, 0.0000000000, -0.0000000000],
                          [0.0000000000, -0.0000000000, -1.0000000000]
                       ], 
                       [ 
                          [-1.0000000000, -0.0000000000, 0.0000000000],
                          [-0.0000000000, 1.0000000000, -0.0000000000],
                          [-0.0000000000, -0.0000000000, -1.0000000000]
                       ], 
                       [ 
                          [0.0000000000, -0.0000000000, 1.0000000000],
                          [1.0000000000, 0.0000000000, -0.0000000000],
                          [-0.0000000000, 1.0000000000, 0.0000000000]
                       ], 
                       [ 
                          [-0.0000000000, -0.0000000000, 1.0000000000],
                          [0.0000000000, -1.0000000000, -0.0000000000],
                          [1.0000000000, 0.0000000000, 0.0000000000]
                       ], 
                       [ 
                          [0.0000000000, 0.0000000000, 1.0000000000],
                          [-1.0000000000, -0.0000000000, -0.0000000000],
                          [0.0000000000, -1.0000000000, 0.0000000000]
                       ], 
                       [ 
                          [0.0000000000, 0.0000000000, 1.0000000000],
                          [-0.0000000000, 1.0000000000, -0.0000000000],
                          [-1.0000000000, -0.0000000000, 0.0000000000]
                       ], 
                       [ 
                          [-0.0000000000, 0.0000000000, -1.0000000000],
                          [0.0000000000, 1.0000000000, 0.0000000000],
                          [1.0000000000, -0.0000000000, -0.0000000000]
                       ], 
                       [ 
                          [0.0000000000, 0.0000000000, -1.0000000000],
                          [1.0000000000, 0.0000000000, 0.0000000000],
                          [0.0000000000, -1.0000000000, -0.0000000000]
                       ], 
                       [ 
                          [0.0000000000, -0.0000000000, -1.0000000000],
                          [0.0000000000, -1.0000000000, 0.0000000000],
                          [-1.0000000000, -0.0000000000, -0.0000000000]
                       ], 
                       [ 
                          [-0.0000000000, -0.0000000000, -1.0000000000],
                          [-1.0000000000, 0.0000000000, 0.0000000000],
                          [-0.0000000000, 1.0000000000, -0.0000000000]
                       ], 
                       [ 
                          [-0.0000000000, 1.0000000000, 0.0000000000],
                          [0.0000000000, -0.0000000000, 1.0000000000],
                          [1.0000000000, 0.0000000000, -0.0000000000]
                       ], 
                       [ 
                          [1.0000000000, 0.0000000000, 0.0000000000],
                          [-0.0000000000, -0.0000000000, 1.0000000000],
                          [0.0000000000, -1.0000000000, -0.0000000000]
                       ], 
                       [ 
                          [0.0000000000, -1.0000000000, 0.0000000000],
                          [-0.0000000000, 0.0000000000, 1.0000000000],
                          [-1.0000000000, -0.0000000000, -0.0000000000]
                       ], 
                       [ 
                          [-1.0000000000, -0.0000000000, 0.0000000000],
                          [0.0000000000, 0.0000000000, 1.0000000000],
                          [-0.0000000000, 1.0000000000, -0.0000000000]
                       ], 
                       [ 
                          [1.0000000000, -0.0000000000, -0.0000000000],
                          [-0.0000000000, 0.0000000000, -1.0000000000],
                          [0.0000000000, 1.0000000000, 0.0000000000]
                       ], 
                       [ 
                          [-0.0000000000, -1.0000000000, -0.0000000000],
                          [0.0000000000, 0.0000000000, -1.0000000000],
                          [1.0000000000, -0.0000000000, 0.0000000000]
                       ], 
                       [ 
                          [-1.0000000000, 0.0000000000, -0.0000000000],
                          [0.0000000000, -0.0000000000, -1.0000000000],
                          [-0.0000000000, -1.0000000000, 0.0000000000]
                       ], 
                       [ 
                          [0.0000000000, 1.0000000000, -0.0000000000],
                          [-0.0000000000, -0.0000000000, -1.0000000000],
                          [-1.0000000000, 0.0000000000, 0.0000000000]
                       ]              
                    ]

                
                  
m-3:
  NumberOfSymmetryElements: 12
  latticeType: cubic
  EulerLimits: ["None"]
  SymmetryElements: [
                          [ 
                           [ 
                              [1.0000000000, 0.0000000000, 0.0000000000],
                              [0.0000000000, 1.0000000000, 0.0000000000],
                              [0.0000000000, 0.0000000000, 1.0000000000]
                           ], 
                           [ 
                              [-1.0000000000, -0.0000000000, 0.0000000000],
                              [0.0000000000, -1.0000000000, 0.0000000000],
                              [0.0000000000, 0.0000000000, 1.0000000000]
                           ], 
                           [ 
                              [1.0000000000, 0.0000000000, 0.0000000000],
                              [0.0000000000, -1.0000000000, -0.0000000000],
                              [0.0000000000, 0.0000000000, -1.0000000000]
                           ], 
                           [ 
                              [-1.0000000000, -0.0000000000, 0.0000000000],
                              [-0.0000000000, 1.0000000000, -0.0000000000],
                              [0.0000000000, -0.0000000000, -1.0000000000]
                           ], 
                           [ 
                              [0.0000000000, -0.0000000000, 1.0000000000],
                              [1.0000000000, 0.0000000000, -0.0000000000],
                              [-0.0000000000, 1.0000000000, 0.0000000000]
                           ], 
                           [ 
                              [0.0000000000, 0.0000000000, 1.0000000000],
                              [-1.0000000000, -0.0000000000, -0.0000000000],
                              [0.0000000000, -1.0000000000, 0.0000000000]
                           ], 
                           [ 
                              [0.0000000000, 0.0000000000, -1.0000000000],
                              [1.0000000000, 0.0000000000, 0.0000000000],
                              [-0.0000000000, -1.0000000000, -0.0000000000]
                           ], 
                           [ 
                              [-0.0000000000, -0.0000000000, -1.0000000000],
                              [-1.0000000000, 0.0000000000, 0.0000000000],
                              [0.0000000000, 1.0000000000, -0.0000000000]
                           ], 
                           [ 
                              [-0.0000000000, 1.0000000000, 0.0000000000],
                              [0.0000000000, -0.0000000000, 1.0000000000],
                              [1.0000000000, 0.0000000000, -0.0000000000]
                           ], 
                           [ 
                              [0.0000000000, -1.0000000000, 0.0000000000],
                              [-0.0000000000, 0.0000000000, 1.0000000000],
                              [-1.0000000000, -0.0000000000, -0.0000000000]
                           ], 
                           [ 
                              [-0.0000000000, -1.0000000000, -0.0000000000],
                              [0.0000000000, 0.0000000000, -1.0000000000],
                              [1.0000000000, -0.0000000000, 0.0000000000]
                           ], 
                           [ 
                              [0.0000000000, 1.0000000000, -0.0000000000],
                              [-0.0000000000, -0.0000000000, -1.0000000000],
                              [-1.0000000000, 0.0000000000, 0.0000000000]
                           ], 
                          ] 
                    ]
                    
6/mmm:
  NumberOfSymmetryElements: 12
  latticeType: hexagonal
  EulerLimits: [360,90,60]
  SymmetryElements: [
                           [ 
                              [1.0000000000, 0.0000000000, 0.0000000000],
                              [0.0000000000, 1.0000000000, 0.0000000000],
                              [0.0000000000, 0.0000000000, 1.0000000000]
                           ], 
                           [ 
                              [0.5000000000, -0.8660254038, 0.0000000000],
                              [0.8660254038, 0.5000000000, 0.0000000000],
                              [0.0000000000, 0.0000000000, 1.0000000000]
                           ], 
                           [ 
                              [-0.5000000000, -0.8660254038, 0.0000000000],
                              [0.8660254038, -0.5000000000, 0.0000000000],
                              [0.0000000000, 0.0000000000, 1.0000000000]
                           ], 
                           [ 
                              [-1.0000000000, -0.0000000000, 0.0000000000],
                              [0.0000000000, -1.0000000000, 0.0000000000],
                              [0.0000000000, 0.0000000000, 1.0000000000]
                           ], 
                           [ 
                              [-0.5000000000, 0.8660254038, 0.0000000000],
                              [-0.8660254038, -0.5000000000, 0.0000000000],
                              [0.0000000000, 0.0000000000, 1.0000000000]
                           ], 
                           [ 
                              [0.5000000000, 0.8660254038, 0.0000000000],
                              [-0.8660254038, 0.5000000000, 0.0000000000],
                              [0.0000000000, 0.0000000000, 1.0000000000]
                           ], 
                           [ 
                              [0.5000000000, -0.8660254038, -0.0000000000],
                              [-0.8660254038, -0.5000000000, -0.0000000000],
                              [0.0000000000, 0.0000000000, -1.0000000000]
                           ], 
                           [ 
                              [-0.5000000000, -0.8660254038, -0.0000000000],
                              [-0.8660254038, 0.5000000000, -0.0000000000],
                              [0.0000000000, 0.0000000000, -1.0000000000]
                           ], 
                           [ 
                              [-1.0000000000, -0.0000000000, -0.0000000000],
                              [-0.0000000000, 1.0000000000, -0.0000000000],
                              [0.0000000000, -0.0000000000, -1.0000000000]
                           ], 
                           [ 
                              [-0.5000000000, 0.8660254038, -0.0000000000],
                              [0.8660254038, 0.5000000000, -0.0000000000],
                              [-0.0000000000, -0.0000000000, -1.0000000000]
                           ], 
                           [ 
                              [0.5000000000, 0.8660254038, -0.0000000000],
                              [0.8660254038, -0.5000000000, -0.0000000000],
                              [-0.0000000000, -0.0000000000, -1.0000000000]
                           ], 
                           [ 
                              [1.0000000000, 0.0000000000, -0.0000000000],
                              [0.0000000000, -1.0000000000, -0.0000000000],
                              [-0.0000000000, 0.0000000000, -1.0000000000]
                           ]     
                    ]
6/m:
  NumberOfSymmetryElements: 6
  latticeType: hexagonal
  EulerLimits: ["None"]
  SymmetryElements: [
                           [ 
                              [1.0000000000, 0.0000000000, 0.0000000000],
                              [0.0000000000, 1.0000000000, 0.0000000000],
                              [0.0000000000, 0.0000000000, 1.0000000000]
                           ], 
                           [ 
                              [0.5000000000, -0.8660254038, 0.0000000000],
                              [0.8660254038, 0.5000000000, 0.0000000000],
                              [0.0000000000, 0.0000000000, 1.0000000000]
                           ], 
                           [ 
                              [-0.5000000000, -0.8660254038, 0.0000000000],
                              [0.8660254038, -0.5000000000, 0.0000000000],
                              [0.0000000000, 0.0000000000, 1.0000000000]
                           ], 
                           [ 
                              [-1.0000000000, -0.0000000000, 0.0000000000],
                              [0.0000000000, -1.0000000000, 0.0000000000],
                              [0.0000000000, 0.0000000000, 1.0000000000]
                           ], 
                           [ 
                              [-0.5000000000, 0.8660254038, 0.0000000000],
                              [-0.8660254038, -0.5000000000, 0.0000000000],
                              [0.0000000000, 0.0000000000, 1.0000000000]
                           ], 
                           [ 
                              [0.5000000000, 0.8660254038, 0.0000000000],
                              [-0.8660254038, 0.5000000000, 0.0000000000],
                              [0.0000000000, 0.0000000000, 1.0000000000]
                           ] 
                                          
                    ]
-3m:
  NumberOfSymmetryElements: 6
  latticeType: trigonal
  EulerLimits: [360,90,120]
  SymmetryElements: [  
                           [ 
                              [1.0000000000, 0.0000000000, 0.0000000000],
                              [0.0000000000, 1.0000000000, 0.0000000000],
                              [0.0000000000, 0.0000000000, 1.0000000000]
                           ], 
                           [ 
                              [-0.5000000000, -0.8660254038, 0.0000000000],
                              [0.8660254038, -0.5000000000, 0.0000000000],
                              [0.0000000000, 0.0000000000, 1.0000000000]
                           ], 
                           [ 
                              [-0.5000000000, 0.8660254038, 0.0000000000],
                              [-0.8660254038, -0.5000000000, 0.0000000000],
                              [0.0000000000, 0.0000000000, 1.0000000000]
                           ], 
                           [ 
                              [0.5000000000, -0.8660254038, -0.0000000000],
                              [-0.8660254038, -0.5000000000, -0.0000000000],
                              [0.0000000000, 0.0000000000, -1.0000000000]
                           ], 
                           [ 
                              [-1.0000000000, -0.0000000000, -0.0000000000],
                              [-0.0000000000, 1.0000000000, -0.0000000000],
                              [0.0000000000, -0.0000000000, -1.0000000000]
                           ], 
                           [ 
                              [0.5000000000, 0.8660254038, -0.0000000000],
                              [0.8660254038, -0.5000000000, -0.0000000000],
                              [-0.0000000000, -0.0000000000, -1.0000000000]
                           ] 
                        
                    ] 

-3:
  NumberOfSymmetryElements: 3
  latticeType: trigonal
  EulerLimits: ["None"]
  SymmetryElements: [   
                           [ 
                              [1.0000000000, 0.0000000000, 0.0000000000],
                              [0.0000000000, 1.0000000000, 0.0000000000],
                              [0.0000000000, 0.0000000000, 1.0000000000]
                           ], 
                           [ 
                              [-0.5000000000, -0.8660254038, 0.0000000000],
                              [0.8660254038, -0.5000000000, 0.0000000000],
                              [0.0000000000, 0.0000000000, 1.0000000000]
                           ], 
                           [ 
                              [-0.5000000000, 0.8660254038, 0.0000000000],
                              [-0.8660254038, -0.5000000000, 0.0000000000],
                              [0.0000000000, 0.0000000000, 1.0000000000]
                           ]
                    ]
4/mmm:
  NumberOfSymmetryElements: 8
  latticeType: tetragonal
  EulerLimits: [360,90,90]
  SymmetryElements: [     
                           [ 
                              [1.0000000000, 0.0000000000, 0.0000000000],
                              [0.0000000000, 1.0000000000, 0.0000000000],
                              [0.0000000000, 0.0000000000, 1.0000000000]
                           ], 
                           [ 
                              [0.0000000000, -1.0000000000, 0.0000000000],
                              [1.0000000000, 0.0000000000, 0.0000000000],
                              [0.0000000000, 0.0000000000, 1.0000000000]
                           ], 
                           [ 
                              [-1.0000000000, -0.0000000000, 0.0000000000],
                              [0.0000000000, -1.0000000000, 0.0000000000],
                              [0.0000000000, 0.0000000000, 1.0000000000]
                           ], 
                           [ 
                              [-0.0000000000, 1.0000000000, 0.0000000000],
                              [-1.0000000000, -0.0000000000, 0.0000000000],
                              [0.0000000000, 0.0000000000, 1.0000000000]
                           ], 
                           [ 
                              [1.0000000000, 0.0000000000, 0.0000000000],
                              [0.0000000000, -1.0000000000, -0.0000000000],
                              [0.0000000000, 0.0000000000, -1.0000000000]
                           ], 
                           [ 
                              [0.0000000000, -1.0000000000, 0.0000000000],
                              [-1.0000000000, -0.0000000000, -0.0000000000],
                              [0.0000000000, 0.0000000000, -1.0000000000]
                           ], 
                           [ 
                              [-1.0000000000, -0.0000000000, 0.0000000000],
                              [-0.0000000000, 1.0000000000, -0.0000000000],
                              [0.0000000000, -0.0000000000, -1.0000000000]
                           ], 
                           [ 
                              [-0.0000000000, 1.0000000000, 0.0000000000],
                              [1.0000000000, 0.0000000000, -0.0000000000],
                              [-0.0000000000, -0.0000000000, -1.0000000000]
                           ] 
                       
                    ] 
4/m:
  NumberOfSymmetryElements: 4
  latticeType: tetragonal 
  EulerLimits: ["None"]  
  SymmetryElements: [     
                           [ 
                              [1.0000000000, 0.0000000000, 0.0000000000],
                              [0.0000000000, 1.0000000000, 0.0000000000],
                              [0.0000000000, 0.0000000000, 1.0000000000]
                           ], 
                           [ 
                              [0.0000000000, -1.0000000000, 0.0000000000],
                              [1.0000000000, 0.0000000000, 0.0000000000],
                              [0.0000000000, 0.0000000000, 1.0000000000]
                           ], 
                           [ 
                              [-1.0000000000, -0.0000000000, 0.0000000000],
                              [0.0000000000, -1.0000000000, 0.0000000000],
                              [0.0000000000, 0.0000000000, 1.0000000000]
                           ], 
                           [ 
                              [-0.0000000000, 1.0000000000, 0.0000000000],
                              [-1.0000000000, -0.0000000000, 0.0000000000],
                              [0.0000000000, 0.0000000000, 1.0000000000]
                           ]
                    ]                     
                     
mmm:
  NumberOfSymmetryElements: 4
  latticeType: orthorhombic
  EulerLimits: [360,90,180]
  SymmetryElements: [     
                           [ 
                              [1.0000000000, 0.0000000000, 0.0000000000],
                              [0.0000000000, 1.0000000000, 0.0000000000],
                              [0.0000000000, 0.0000000000, 1.0000000000]
                           ], 
                           [ 
                              [-1.0000000000, -0.0000000000, 0.0000000000],
                              [0.0000000000, -1.0000000000, 0.0000000000],
                              [0.0000000000, 0.0000000000, 1.0000000000]
                           ], 
                           [ 
                              [1.0000000000, 0.0000000000, 0.0000000000],
                              [0.0000000000, -1.0000000000, -0.0000000000],
                              [0.0000000000, 0.0000000000, -1.0000000000]
                           ], 
                           [ 
                              [-1.0000000000, -0.0000000000, 0.0000000000],
                              [-0.0000000000, 1.0000000000, -0.0000000000],
                              [0.0000000000, -0.0000000000, -1.0000000000]
                           ]
                  
                    ]                      
2/m:
  NumberOfSymmetryElements: 2
  latticeType: monoclinic  
  EulerLimits: [360,90,360]
  SymmetryElements: [     
                           [ 
                              [1.0000000000, 0.0000000000, 0.0000000000],
                              [0.0000000000, 1.0000000000, 0.0000000000],
                              [0.0000000000, 0.0000000000, 1.0000000000]
                           ], 
                           [ 
                              [-1.0000000000, 0.0000000000, 0.0000000000],
                              [0.0000000000, 1.0000000000, -0.0000000000],
                              [-0.0000000000, 0.0000000000, -1.0000000000]
                           ]
                    ]
-1:
  NumberOfSymmetryElements: 1
  latticeType: triclinic
  EulerLimits: [360,180,360]
  SymmetryElements: [     
                     [
                      [1.0,0.0,0.0],
                      [0.0,1.0,0.0],
                      [0.0,0.0,1.0]
                     ]
                    ]                     